0|80|1|17000|0|ALICMS 17.00|T3| |1| |
0|80|5|0000|0|PIS 0.00|P005| |0|06|
0|80|6|0000|0|COFINS 0.00|C005| |0|06|
0|80|6|3000|0|QUAN_ATAC 3| | |0| |
0|80|6|6060|0|PRECO_ATAC 6.06| | |0| |
0|81|CX|CS|0|
0|81|LI|L|0|
0|81|OF3|OF3|0|
0|81|UN|ST|0|
0|10|109938601|109938600|0|0|0|LV ZERO VITAM CX|LEITE LIQ ZERO DESNAT VIT 1L CX|LEITE LIQ ZERO DESNAT VIT 1L CX| | |0|CX|2| |030105001| |0|0| | | |0|0|0|1|0|0|0|0|0|0|0|0|0|0|0|0|0|0|0|0|0|0|0| |0|0|0|0|0|0|04011010|2|12000|0|0| |0|0|1|0|0| |LI|1000|0|0|0|0|0|0000| | |P005|C005|
0|10|109938608|109938600|0|0|0|LV ZERO VITAM LI|LEITE LIQ ZERO DESNAT VIT 1L LI|LEITE LIQ ZERO DESNAT VIT 1L LI| | |0|LI|2| |030105001| |0|0| | | |0|0|0|1|0|0|0|0|0|0|0|0|0|0|0|0|0|0|0|0|0|0|0| |0|0|0|0|0|0|04011010|2|1000|0|0| |0|0|1|0|0| |LI|1000|0|0|0|0|0|0000| | |P005|C005|
0|10|109938610|109938600|0|0|0|LEITE ZERO VIT 1L OF3|LEITE LIQ ZERO DESNAT VIT 1L OF3|LEITE LIQ ZERO DESNAT VIT 1L OF3| | |0|UN|2| |030105001| |0|0| | | |0|0|0|1|0|0|0|0|0|0|0|0|0|0|0|0|0|0|0|0|0|0|0| |0|0|0|0|0|0|04011010|2|1000|0|0| |0|0|1|0|0| |LI|1000|0|0|0|0|0|0000| | |P005|C005|
0|10|109938600|109938500|0|0|0|LEITE ZERO VIT 1L UN|LEITE LIQ ZERO DESNAT VIT 1L UN|LEITE LIQ ZERO DESNAT VIT 1L UN| | |0|UN|2| |030105001| |0|0| | | |0|0|0|1|0|0|0|0|0|0|0|0|0|0|0|0|0|0|0|0|0|0|0| |0|1|0|0|0|0|04011010|2|1000|0|0| |0|0|1|0|0| |LI|1000|0|0|0|0|0|0000| | |P005|C005|
0|89|03|006|109938601|1|C|
0|89|03|006|109938601|2|GL|
0|89|03|006|109938601|3|394|
0|89|03|006|109938601|4| |
0|89|03|006|109938601|5| |
0|89|03|006|109938601|6| |
0|89|03|006|109938608|1|C|
0|89|03|006|109938608|2|GL|
0|89|03|006|109938608|3|394|
0|89|03|006|109938608|4| |
0|89|03|006|109938608|5| |
0|89|03|006|109938608|6| |
0|89|03|006|109938610|1|C|
0|89|03|006|109938610|2|GL|
0|89|03|006|109938610|3|394|
0|89|03|006|109938610|4| |
0|89|03|006|109938600|1|C|
0|89|03|006|109938600|2|GL|
0|89|03|006|109938600|3|394|
0|89|03|006|109938600|4| |
0|89|03|006|109938600|5| |
0|89|03|006|109938600|6| |
0|11|006|109938601|0|0|        |        |        |0|        |T3| | |0|0|0|0|0|0|0|0|0|0|0|0|0|1|0|0000|
0|11|006|109938608|0|0|        |        |        |0|        |T3| | |0|0|0|0|0|0|0|0|0|0|0|0|0|1|0|0000|
0|11|006|109938610|0|0|        |        |        |0|        |T3| | |0|0|0|0|0|0|0|0|0|0|0|0|0|1|0|0000|
0|11|006|109938600|0|0|        |        |        |0|        |T3| | |0|0|0|0|0|0|0|0|0|0|0|0|3000|1|0|0000|
0|12|006|109938601|72720|31052016|160429|1|0|0|0|0|0|0|
0|12|006|109938608|6600|31052016|160429|1|0|0|0|0|0|0|
||||||||||||||
0|12|006|109938600|6600|31052016|160429|1|0|0|0|0|0|0|
0|12|006|109938600|6060|31052016|160429|2|0|0|0|0|0|0|
0|01|17896010401100|109938601|
0|01|30089792|109938608|
0|01|31017350|109938610|
0|01|7896010401103|109938600|
0|01|120106000169|109938600|
0|16|006|109938601|2| |1|
0|16|006|109938608|1| |1|
0|16|006|109938610|1| |1|
0|16|006|109938600|1| |1|
0|19|109938600|109938601|006|
0|19|109938600|109938608|006|
0|19|109938600|109938610|006|
