0|80|1|0000|0|ALICMS 0.00|F| |1| |
0|80|5|1650|0|PIS 1.65|P066| |0|01|
0|80|6|7600|0|COFINS 7.60|C066| |0|01|
0|80|6|6000|0|QUAN_ATAC 6| | |0| |
0|80|6|10000|0|PRECO_ATAC 10.00| | |0| |
0|81|CX|CS|0|
0|81|LI|L|0|
0|81|OF3|OF3|0|
0|81|UN|ST|0|
0|10|109939701|109939700|0|0|0|OLD EIGHT 1000ML CX|WHISKY OLD EIGHT 1L CX|WHISKY OLD EIGHT 1L CX| | |0|CX|2| |290204001| |0|0| | | |0|0|0|1|0|0|0|0|0|0|0|0|0|0|0|0|0|0|0|0|0|0|0| |0|0|0|0|0|0|22083020|0|12000|0|0| |0|0|1|0|0| |LI|1000|0|0|0|0|0|0000| | |P066|C066|
0|10|109939708|109939700|0|0|0|OLD EIGHT 1000ML LI|WHISKY OLD EIGHT 1L LI|WHISKY OLD EIGHT 1L LI| | |0|LI|2| |290204001| |0|0| | | |0|0|0|1|0|0|0|0|0|0|0|0|0|0|0|0|0|0|0|0|0|0|0| |0|0|0|0|0|0|22083020|0|1000|0|0| |0|0|1|0|0| |LI|1000|0|0|0|0|0|0000| | |P066|C066|
0|10|109939710|109939700|0|0|0|OLD EIGHT 1000ML OF3|WHISKY OLD EIGHT 1L OF3|WHISKY OLD EIGHT 1L OF3| | |0|UN|2| |290204001| |0|0| | | |0|0|0|1|0|0|0|0|0|0|0|0|0|0|0|0|0|0|0|0|0|0|0| |0|0|0|0|0|0|22083020|0|1000|0|0| |0|0|1|0|0| |LI|1000|0|0|0|0|0|0000| | |P066|C066|
0|10|109939700| |0|0|0|OLD EIGHT 1000ML UN|WHISKY OLD EIGHT 1L UN|WHISKY OLD EIGHT 1L UN| | |0|UN|2| |290204001| |0|0| | | |0|0|0|1|0|0|0|0|0|0|0|0|0|0|0|0|0|0|0|0|0|0|0| |0|1|0|0|0|0|22083020|0|1000|0|0| |0|0|1|0|0| |LI|1000|0|0|0|0|0|0000| | |P066|C066|
0|89|03|006|109939701|1|B|
0|89|03|006|109939701|2|G1|
0|89|03|006|109939701|3|8|
0|89|03|006|109939701|4| |
0|89|03|006|109939701|5| |
0|89|03|006|109939701|6| |
0|89|03|006|109939708|1|B|
0|89|03|006|109939708|2|G1|
0|89|03|006|109939708|3|8|
0|89|03|006|109939708|4| |
0|89|03|006|109939708|5| |
0|89|03|006|109939708|6| |
0|89|03|006|109939710|1|B|
0|89|03|006|109939710|2|G1|
0|89|03|006|109939710|3|8|
0|89|03|006|109939710|4| |
0|89|03|006|109939700|1|B|
0|89|03|006|109939700|2|G1|
0|89|03|006|109939700|3|8|
0|89|03|006|109939700|4| |
0|89|03|006|109939700|5|18/05/2016|
0|89|03|006|109939700|6|31/12/9999|
0|11|006|109939701|0|0|        |        |        |0|        |F| | |0|0|0|0|0|0|0|0|0|0|0|0|0|1|0|62570|
0|11|006|109939708|0|0|        |        |        |0|        |F| | |0|0|0|0|0|0|0|0|0|0|0|0|0|1|0|62570|
0|11|006|109939710|0|0|        |        |        |0|        |F| | |0|0|0|0|0|0|0|0|0|0|0|0|0|1|0|62570|
0|11|006|109939700|0|0|        |        |        |0|        |F| | |0|0|0|0|0|0|0|0|0|0|0|0|6000|1|0|62570|
0|12|006|109939701|120000|31052016|160456|1|0|0|0|0|0|0|
0|12|006|109939708|11000|31052016|160456|1|0|0|0|0|0|0|
||||||||||||||
0|12|006|109939700|8500|31052016|160456|1|1|0|0|0|0|0|
0|01|17896010000372|109939701|
0|01|30091313|109939708|
0|01|31180245|109939710|
0|01|7896010000375|109939700|
0|01|110200400125|109939700|
0|01|7896010002171|109939700|
0|16|006|109939701|2| |1|
0|16|006|109939708|1| |1|
0|16|006|109939710|1| |1|
0|16|006|109939700|1| |1|
0|19|109939700|109939701|006|
0|19|109939700|109939708|006|
0|19|109939700|109939710|006|
