0|80|1|0000|0|ALICMS 0.00|F| |1| |
0|80|5|1650|0|PIS 1.65|P066| |0|01|
0|80|6|7600|0|COFINS 7.60|C066| |0|01|
0|80|6|5000|0|QUAN_ATAC 5| | |0| |
0|80|6|7070|0|PRECO_ATAC 7.07| | |0| |
0|81|CX|CS|0|
0|81|LI|L|0|
0|81|OF3|OF3|0|
0|81|UN|ST|0|
0|10|109938701|109938700|0|0|0|CAMPARI 900ML CX|APERITIVO CAMPARI BITTER 900ML CX|APERITIVO CAMPARI BITTER 900ML CX| | |0|CX|2| |290113001| |0|0| | | |0|0|0|1|0|0|0|0|0|0|0|0|0|0|0|0|0|0|0|0|0|0|0| |0|0|0|0|0|0|22089000|0|12000|0|0| |0|0|1|0|0| |LI|0900|0|0|0|0|0|0000| | |P066|C066|
0|10|109938708|109938700|0|0|0|CAMPARI 900ML LI|APERITIVO CAMPARI BITTER 900ML LI|APERITIVO CAMPARI BITTER 900ML LI| | |0|LI|2| |290113001| |0|0| | | |0|0|0|1|0|0|0|0|0|0|0|0|0|0|0|0|0|0|0|0|0|0|0| |0|0|0|0|0|0|22089000|0|1000|0|0| |0|0|1|0|0| |LI|0900|0|0|0|0|0|0000| | |P066|C066|
0|10|109938710|109938700|0|0|0|CAMPARI 900ML OF3|APERITIVO CAMPARI BITTER 900ML OF3|APERITIVO CAMPARI BITTER 900ML OF3| | |0|UN|2| |290113001| |0|0| | | |0|0|0|1|0|0|0|0|0|0|0|0|0|0|0|0|0|0|0|0|0|0|0| |0|0|0|0|0|0|22089000|0|1000|0|0| |0|0|1|0|0| |LI|0900|0|0|0|0|0|0000| | |P066|C066|
0|10|109938700| |0|0|0|CAMPARI 900ML UN|APERITIVO CAMPARI BITTER 900ML UN|APERITIVO CAMPARI BITTER 900ML UN| | |0|UN|2| |290113001| |0|0| | | |0|0|0|1|0|0|0|0|0|0|0|0|0|0|0|0|0|0|0|0|0|0|0| |0|1|0|0|0|0|22089000|0|1000|0|0| |0|0|1|0|0| |LI|0900|0|0|0|0|0|0000| | |P066|C066|
0|89|03|006|109938701|1|B|
0|89|03|006|109938701|2|G1|
0|89|03|006|109938701|3|11|
0|89|03|006|109938701|4| |
0|89|03|006|109938701|5| |
0|89|03|006|109938701|6| |
0|89|03|006|109938708|1|B|
0|89|03|006|109938708|2|G1|
0|89|03|006|109938708|3|11|
0|89|03|006|109938708|4| |
0|89|03|006|109938708|5| |
0|89|03|006|109938708|6| |
0|89|03|006|109938710|1|B|
0|89|03|006|109938710|2|G1|
0|89|03|006|109938710|3|11|
0|89|03|006|109938710|4| |
0|89|03|006|109938700|1|B|
0|89|03|006|109938700|2|G1|
0|89|03|006|109938700|3|11|
0|89|03|006|109938700|4| |
0|89|03|006|109938700|5| |
0|89|03|006|109938700|6| |
0|11|006|109938701|0|0|        |        |        |0|        |F| | |0|0|0|0|0|0|0|0|0|0|0|0|0|1|0|62570|
0|11|006|109938708|0|0|        |        |        |0|        |F| | |0|0|0|0|0|0|0|0|0|0|0|0|0|1|0|62570|
0|11|006|109938710|0|0|        |        |        |0|        |F| | |0|0|0|0|0|0|0|0|0|0|0|0|0|1|0|62570|
0|11|006|109938700|0|0|        |        |        |0|        |F| | |0|0|0|0|0|0|0|0|0|0|0|0|5000|1|0|62570|
0|12|006|109938701|84840|01062016|124612|1|0|0|0|0|0|0|
0|12|006|109938708|7700|01062016|124612|1|0|0|0|0|0|0|
||||||||||||||
0|12|006|109938700|7700|01062016|124612|1|0|0|0|0|0|0|
0|12|006|109938700|7070|01062016|124612|2|0|0|0|0|0|0|
0|01|17891136051000|109938701|
0|01|30091306|109938708|
0|01|31180214|109938710|
0|01|7891136051003|109938700|
0|16|006|109938701|2| |1|
0|16|006|109938708|1| |1|
0|16|006|109938710|1| |1|
0|16|006|109938700|1| |1|
0|19|109938700|109938701|006|
0|19|109938700|109938708|006|
0|19|109938700|109938710|006|
