0|80|1|17000|0|ALICMS 17.00|T3| |1| |
0|80|5|0000|0|PIS 0.00|P005| |0|06|
0|80|6|0000|0|COFINS 0.00|C005| |0|06|
0|80|6|3000|0|QUAN_ATAC 3| | |0| |
0|80|6|5050|0|PRECO_ATAC 5.05| | |0| |
0|80|6|6060|0|PRECO_ATAC 6.06| | |0| |
0|80|1|0000|0|ALICMS 0.00|F| |1| |
0|80|5|1650|0|PIS 1.65|P066| |0|01|
0|80|6|7600|0|COFINS 7.60|C066| |0|01|
0|80|6|5000|0|QUAN_ATAC 5| | |0| |
0|80|6|7070|0|PRECO_ATAC 7.07| | |0| |
0|80|6|6000|0|QUAN_ATAC 6| | |0| |
0|80|6|10000|0|PRECO_ATAC 10.00| | |0| |
0|81|CX|CS|0|
0|81|LI|L|0|
0|81|OF3|OF3|0|
0|81|UN|ST|0|
0|10|109938501|109938500|0|0|0|LEITE L.V. ZERO 1L CX|LEITE LIQ ZERO DESNAT 1L CX|LEITE LIQ ZERO DESNAT 1L CX| | |0|CX|2| |030105001| |0|0| | | |0|0|0|1|0|0|0|0|0|0|0|0|0|0|0|0|0|0|0|0|0|0|0| |0|0|0|0|0|0|04011010|2|12000|0|0| |0|0|1|0|0| |LI|1000|0|0|0|0|0|0000| | |P005|C005|
0|10|109938508|109938500|0|0|0|LEITE L.V. ZERO 1L LI|LEITE LIQ ZERO DESNAT 1L LI|LEITE LIQ ZERO DESNAT 1L LI| | |0|LI|2| |030105001| |0|0| | | |0|0|0|1|0|0|0|0|0|0|0|0|0|0|0|0|0|0|0|0|0|0|0| |0|0|0|0|0|0|04011010|2|1000|0|0| |0|0|1|0|0| |LI|1000|0|0|0|0|0|0000| | |P005|C005|
0|10|109938510|109938500|0|0|0|LEITE LIQ ZERO 1L OF3|LEITE LIQ ZERO DESNAT 1L OF3|LEITE LIQ ZERO DESNAT 1L OF3| | |0|UN|2| |030105001| |0|0| | | |0|0|0|1|0|0|0|0|0|0|0|0|0|0|0|0|0|0|0|0|0|0|0| |0|0|0|0|0|0|04011010|2|1000|0|0| |0|0|1|0|0| |LI|1000|0|0|0|0|0|0000| | |P005|C005|
0|10|109938500| |0|0|0|LEITE LIQ ZERO 1L UN|LEITE LIQ ZERO DESNAT 1L UN|LEITE LIQ ZERO DESNAT 1L UN| | |0|UN|2| |030105001| |0|0| | | |0|0|0|1|0|0|0|0|0|0|0|0|0|0|0|0|0|0|0|0|0|0|0| |0|1|0|0|0|0|04011010|2|1000|0|0| |0|0|1|0|0| |LI|1000|0|0|0|0|0|0000| | |P005|C005|
0|10|109938601|109938600|0|0|0|LV ZERO VITAM CX|LEITE LIQ ZERO DESNAT VIT 1L CX|LEITE LIQ ZERO DESNAT VIT 1L CX| | |0|CX|2| |030105001| |0|0| | | |0|0|0|1|0|0|0|0|0|0|0|0|0|0|0|0|0|0|0|0|0|0|0| |0|0|0|0|0|0|04011010|2|12000|0|0| |0|0|1|0|0| |LI|1000|0|0|0|0|0|0000| | |P005|C005|
0|10|109938608|109938600|0|0|0|LV ZERO VITAM LI|LEITE LIQ ZERO DESNAT VIT 1L LI|LEITE LIQ ZERO DESNAT VIT 1L LI| | |0|LI|2| |030105001| |0|0| | | |0|0|0|1|0|0|0|0|0|0|0|0|0|0|0|0|0|0|0|0|0|0|0| |0|0|0|0|0|0|04011010|2|1000|0|0| |0|0|1|0|0| |LI|1000|0|0|0|0|0|0000| | |P005|C005|
0|10|109938610|109938600|0|0|0|LEITE ZERO VIT 1L OF3|LEITE LIQ ZERO DESNAT VIT 1L OF3|LEITE LIQ ZERO DESNAT VIT 1L OF3| | |0|UN|2| |030105001| |0|0| | | |0|0|0|1|0|0|0|0|0|0|0|0|0|0|0|0|0|0|0|0|0|0|0| |0|0|0|0|0|0|04011010|2|1000|0|0| |0|0|1|0|0| |LI|1000|0|0|0|0|0|0000| | |P005|C005|
0|10|109938600|109938500|0|0|0|LEITE ZERO VIT 1L UN|LEITE LIQ ZERO DESNAT VIT 1L UN|LEITE LIQ ZERO DESNAT VIT 1L UN| | |0|UN|2| |030105001| |0|0| | | |0|0|0|1|0|0|0|0|0|0|0|0|0|0|0|0|0|0|0|0|0|0|0| |0|1|0|0|0|0|04011010|2|1000|0|0| |0|0|1|0|0| |LI|1000|0|0|0|0|0|0000| | |P005|C005|
0|10|109938701|109938700|0|0|0|CAMPARI 900ML CX|APERITIVO CAMPARI BITTER 900ML CX|APERITIVO CAMPARI BITTER 900ML CX| | |0|CX|2| |290113001| |0|0| | | |0|0|0|1|0|0|0|0|0|0|0|0|0|0|0|0|0|0|0|0|0|0|0| |0|0|0|0|0|0|22089000|0|12000|0|0| |0|0|1|0|0| |LI|0900|0|0|0|0|0|0000| | |P066|C066|
0|10|109938708|109938700|0|0|0|CAMPARI 900ML LI|APERITIVO CAMPARI BITTER 900ML LI|APERITIVO CAMPARI BITTER 900ML LI| | |0|LI|2| |290113001| |0|0| | | |0|0|0|1|0|0|0|0|0|0|0|0|0|0|0|0|0|0|0|0|0|0|0| |0|0|0|0|0|0|22089000|0|1000|0|0| |0|0|1|0|0| |LI|0900|0|0|0|0|0|0000| | |P066|C066|
0|10|109938710|109938700|0|0|0|CAMPARI 900ML OF3|APERITIVO CAMPARI BITTER 900ML OF3|APERITIVO CAMPARI BITTER 900ML OF3| | |0|UN|2| |290113001| |0|0| | | |0|0|0|1|0|0|0|0|0|0|0|0|0|0|0|0|0|0|0|0|0|0|0| |0|0|0|0|0|0|22089000|0|1000|0|0| |0|0|1|0|0| |LI|0900|0|0|0|0|0|0000| | |P066|C066|
0|10|109938700| |0|0|0|CAMPARI 900ML UN|APERITIVO CAMPARI BITTER 900ML UN|APERITIVO CAMPARI BITTER 900ML UN| | |0|UN|2| |290113001| |0|0| | | |0|0|0|1|0|0|0|0|0|0|0|0|0|0|0|0|0|0|0|0|0|0|0| |0|1|0|0|0|0|22089000|0|1000|0|0| |0|0|1|0|0| |LI|0900|0|0|0|0|0|0000| | |P066|C066|
0|10|109939701|109939700|0|0|0|OLD EIGHT 1000ML CX|WHISKY OLD EIGHT 1L CX|WHISKY OLD EIGHT 1L CX| | |0|CX|2| |290204001| |0|0| | | |0|0|0|1|0|0|0|0|0|0|0|0|0|0|0|0|0|0|0|0|0|0|0| |0|0|0|0|0|0|22083020|0|12000|0|0| |0|0|1|0|0| |LI|1000|0|0|0|0|0|0000| | |P066|C066|
0|10|109939708|109939700|0|0|0|OLD EIGHT 1000ML LI|WHISKY OLD EIGHT 1L LI|WHISKY OLD EIGHT 1L LI| | |0|LI|2| |290204001| |0|0| | | |0|0|0|1|0|0|0|0|0|0|0|0|0|0|0|0|0|0|0|0|0|0|0| |0|0|0|0|0|0|22083020|0|1000|0|0| |0|0|1|0|0| |LI|1000|0|0|0|0|0|0000| | |P066|C066|
0|10|109939710|109939700|0|0|0|OLD EIGHT 1000ML OF3|WHISKY OLD EIGHT 1L OF3|WHISKY OLD EIGHT 1L OF3| | |0|UN|2| |290204001| |0|0| | | |0|0|0|1|0|0|0|0|0|0|0|0|0|0|0|0|0|0|0|0|0|0|0| |0|0|0|0|0|0|22083020|0|1000|0|0| |0|0|1|0|0| |LI|1000|0|0|0|0|0|0000| | |P066|C066|
0|10|109939700| |0|0|0|OLD EIGHT 1000ML UN|WHISKY OLD EIGHT 1L UN|WHISKY OLD EIGHT 1L UN| | |0|UN|2| |290204001| |0|0| | | |0|0|0|1|0|0|0|0|0|0|0|0|0|0|0|0|0|0|0|0|0|0|0| |0|1|0|0|0|0|22083020|0|1000|0|0| |0|0|1|0|0| |LI|1000|0|0|0|0|0|0000| | |P066|C066|
0|89|03|006|109938501|1|C|
0|89|03|006|109938501|2|GL|
0|89|03|006|109938501|3|397|
0|89|03|006|109938501|4| |
0|89|03|006|109938501|5| |
0|89|03|006|109938501|6| |
0|89|03|006|109938508|1|C|
0|89|03|006|109938508|2|GL|
0|89|03|006|109938508|3|397|
0|89|03|006|109938508|4| |
0|89|03|006|109938508|5| |
0|89|03|006|109938508|6| |
0|89|03|006|109938510|1|C|
0|89|03|006|109938510|2|GL|
0|89|03|006|109938510|3|397|
0|89|03|006|109938510|4| |
0|89|03|006|109938500|1|C|
0|89|03|006|109938500|2|GL|
0|89|03|006|109938500|3|397|
0|89|03|006|109938500|4| |
0|89|03|006|109938500|5| |
0|89|03|006|109938500|6| |
0|89|03|006|109938601|1|C|
0|89|03|006|109938601|2|GL|
0|89|03|006|109938601|3|394|
0|89|03|006|109938601|4| |
0|89|03|006|109938601|5| |
0|89|03|006|109938601|6| |
0|89|03|006|109938608|1|C|
0|89|03|006|109938608|2|GL|
0|89|03|006|109938608|3|394|
0|89|03|006|109938608|4| |
0|89|03|006|109938608|5| |
0|89|03|006|109938608|6| |
0|89|03|006|109938610|1|C|
0|89|03|006|109938610|2|GL|
0|89|03|006|109938610|3|394|
0|89|03|006|109938610|4| |
0|89|03|006|109938600|1|C|
0|89|03|006|109938600|2|GL|
0|89|03|006|109938600|3|394|
0|89|03|006|109938600|4| |
0|89|03|006|109938600|5| |
0|89|03|006|109938600|6| |
0|89|03|006|109938701|1|B|
0|89|03|006|109938701|2|G1|
0|89|03|006|109938701|3|11|
0|89|03|006|109938701|4| |
0|89|03|006|109938701|5| |
0|89|03|006|109938701|6| |
0|89|03|006|109938708|1|B|
0|89|03|006|109938708|2|G1|
0|89|03|006|109938708|3|11|
0|89|03|006|109938708|4| |
0|89|03|006|109938708|5| |
0|89|03|006|109938708|6| |
0|89|03|006|109938710|1|B|
0|89|03|006|109938710|2|G1|
0|89|03|006|109938710|3|11|
0|89|03|006|109938710|4| |
0|89|03|006|109938700|1|B|
0|89|03|006|109938700|2|G1|
0|89|03|006|109938700|3|11|
0|89|03|006|109938700|4| |
0|89|03|006|109938700|5| |
0|89|03|006|109938700|6| |
0|89|03|006|109939701|1|B|
0|89|03|006|109939701|2|G1|
0|89|03|006|109939701|3|8|
0|89|03|006|109939701|4| |
0|89|03|006|109939701|5| |
0|89|03|006|109939701|6| |
0|89|03|006|109939708|1|B|
0|89|03|006|109939708|2|G1|
0|89|03|006|109939708|3|8|
0|89|03|006|109939708|4| |
0|89|03|006|109939708|5| |
0|89|03|006|109939708|6| |
0|89|03|006|109939710|1|B|
0|89|03|006|109939710|2|G1|
0|89|03|006|109939710|3|8|
0|89|03|006|109939710|4| |
0|89|03|006|109939700|1|B|
0|89|03|006|109939700|2|G1|
0|89|03|006|109939700|3|8|
0|89|03|006|109939700|4| |
0|89|03|006|109939700|5|18/05/2016|
0|89|03|006|109939700|6|31/12/9999|
0|11|006|109938501|0|0|        |        |        |0|        |T3| | |0|0|0|0|0|0|0|0|0|0|0|0|0|1|0|0000|
0|11|006|109938508|0|0|        |        |        |0|        |T3| | |0|0|0|0|0|0|0|0|0|0|0|0|0|1|0|0000|
0|11|006|109938510|0|0|        |        |        |0|        |T3| | |0|0|0|0|0|0|0|0|0|0|0|0|0|1|0|0000|
0|11|006|109938500|0|0|        |        |        |0|        |T3| | |0|0|0|0|0|0|0|0|0|0|0|0|3000|1|0|0000|
0|11|006|109938601|0|0|        |        |        |0|        |T3| | |0|0|0|0|0|0|0|0|0|0|0|0|0|1|0|0000|
0|11|006|109938608|0|0|        |        |        |0|        |T3| | |0|0|0|0|0|0|0|0|0|0|0|0|0|1|0|0000|
0|11|006|109938610|0|0|        |        |        |0|        |T3| | |0|0|0|0|0|0|0|0|0|0|0|0|0|1|0|0000|
0|11|006|109938600|0|0|        |        |        |0|        |T3| | |0|0|0|0|0|0|0|0|0|0|0|0|3000|1|0|0000|
0|11|006|109938701|0|0|        |        |        |0|        |F| | |0|0|0|0|0|0|0|0|0|0|0|0|0|1|0|62570|
0|11|006|109938708|0|0|        |        |        |0|        |F| | |0|0|0|0|0|0|0|0|0|0|0|0|0|1|0|62570|
0|11|006|109938710|0|0|        |        |        |0|        |F| | |0|0|0|0|0|0|0|0|0|0|0|0|0|1|0|62570|
0|11|006|109938700|0|0|        |        |        |0|        |F| | |0|0|0|0|0|0|0|0|0|0|0|0|5000|1|0|62570|
0|11|006|109939701|0|0|        |        |        |0|        |F| | |0|0|0|0|0|0|0|0|0|0|0|0|0|1|0|62570|
0|11|006|109939708|0|0|        |        |        |0|        |F| | |0|0|0|0|0|0|0|0|0|0|0|0|0|1|0|62570|
0|11|006|109939710|0|0|        |        |        |0|        |F| | |0|0|0|0|0|0|0|0|0|0|0|0|0|1|0|62570|
0|11|006|109939700|0|0|        |        |        |0|        |F| | |0|0|0|0|0|0|0|0|0|0|0|0|0|1|0|62570|
0|12|006|109938501|60600|01062016|124639|1|0|0|0|0|0|0|
0|12|006|109938508|5500|01062016|124639|1|0|0|0|0|0|0|
||||||||||||||
0|12|006|109938500|5500|01062016|124639|1|0|0|0|0|0|0|
0|12|006|109938500|5050|01062016|124639|2|0|0|0|0|0|0|
0|12|006|109938601|72720|01062016|124639|1|0|0|0|0|0|0|
0|12|006|109938608|6600|01062016|124639|1|0|0|0|0|0|0|
0|12|006|109938600|6600|01062016|124639|1|0|0|0|0|0|0|
0|12|006|109938600|6060|01062016|124639|2|0|0|0|0|0|0|
0|12|006|109938701|84840|01062016|124639|1|0|0|0|0|0|0|
0|12|006|109938708|7700|01062016|124639|1|0|0|0|0|0|0|
0|12|006|109938700|7700|01062016|124639|1|0|0|0|0|0|0|
0|12|006|109938700|7070|01062016|124639|2|0|0|0|0|0|0|
0|12|006|109939701|120000|01062016|124639|1|0|0|0|0|0|0|
0|12|006|109939708|11000|01062016|124639|1|0|0|0|0|0|0|
0|12|006|109939700|8500|01062016|124639|1|1|0|0|0|0|0|
0|01|17896010401094|109938501|
0|01|30089785|109938508|
0|01|30991644|109938510|
0|01|7896010401097|109938500|
0|01|120100490164|109938500|
0|01|17896010401100|109938601|
0|01|30089792|109938608|
0|01|31017350|109938610|
0|01|7896010401103|109938600|
0|01|120106000169|109938600|
0|01|17891136051000|109938701|
0|01|30091306|109938708|
0|01|31180214|109938710|
0|01|7891136051003|109938700|
0|01|17896010000372|109939701|
0|01|30091313|109939708|
0|01|31180245|109939710|
0|01|7896010000375|109939700|
0|01|110200400125|109939700|
0|01|7896010002171|109939700|
0|16|006|109938501|2| |1|
0|16|006|109938508|1| |1|
0|16|006|109938510|1| |1|
0|16|006|109938500|1| |1|
0|16|006|109938601|2| |1|
0|16|006|109938608|1| |1|
0|16|006|109938610|1| |1|
0|16|006|109938600|1| |1|
0|16|006|109938701|2| |1|
0|16|006|109938708|1| |1|
0|16|006|109938710|1| |1|
0|16|006|109938700|1| |1|
0|16|006|109939701|2| |1|
0|16|006|109939708|1| |1|
0|16|006|109939710|1| |1|
0|16|006|109939700|1| |1|
0|19|109938500|109938501|006|
0|19|109938500|109938508|006|
0|19|109938500|109938510|006|
0|19|109938600|109938601|006|
0|19|109938600|109938608|006|
0|19|109938600|109938610|006|
0|19|109938700|109938701|006|
0|19|109938700|109938708|006|
0|19|109938700|109938710|006|
0|19|109939700|109939701|006|
0|19|109939700|109939708|006|
0|19|109939700|109939710|006|
