0|80|1|17000|0|ALICMS 17.00|T3| |1| |
0|80|5|0000|0|PIS 0.00|P005| |0|06|
0|80|6|0000|0|COFINS 0.00|C005| |0|06|
0|80|6|3000|0|QUAN_ATAC 3| | |0| |
0|80|6|5050|0|PRECO_ATAC 5.05| | |0| |
0|81|CX|CS|0|
0|81|LI|L|0|
0|81|OF3|OF3|0|
0|81|UN|ST|0|
0|10|109938501|109938500|0|0|0|LEITE L.V. ZERO 1L CX|LEITE LIQ ZERO DESNAT 1L CX|LEITE LIQ ZERO DESNAT 1L CX| | |0|CX|2| |030105001| |0|0| | | |0|0|0|1|0|0|0|0|0|0|0|0|0|0|0|0|0|0|0|0|0|0|0| |0|0|0|0|0|0|04011010|2|12000|0|0| |0|0|1|0|0| |LI|1000|0|0|0|0|0|0000| | |P005|C005|
0|10|109938508|109938500|0|0|0|LEITE L.V. ZERO 1L LI|LEITE LIQ ZERO DESNAT 1L LI|LEITE LIQ ZERO DESNAT 1L LI| | |0|LI|2| |030105001| |0|0| | | |0|0|0|1|0|0|0|0|0|0|0|0|0|0|0|0|0|0|0|0|0|0|0| |0|0|0|0|0|0|04011010|2|1000|0|0| |0|0|1|0|0| |LI|1000|0|0|0|0|0|0000| | |P005|C005|
0|10|109938510|109938500|0|0|0|LEITE LIQ ZERO 1L OF3|LEITE LIQ ZERO DESNAT 1L OF3|LEITE LIQ ZERO DESNAT 1L OF3| | |0|UN|2| |030105001| |0|0| | | |0|0|0|1|0|0|0|0|0|0|0|0|0|0|0|0|0|0|0|0|0|0|0| |0|0|0|0|0|0|04011010|2|1000|0|0| |0|0|1|0|0| |LI|1000|0|0|0|0|0|0000| | |P005|C005|
0|10|109938500| |0|0|0|LEITE LIQ ZERO 1L UN|LEITE LIQ ZERO DESNAT 1L UN|LEITE LIQ ZERO DESNAT 1L UN| | |0|UN|2| |030105001| |0|0| | | |0|0|0|1|0|0|0|0|0|0|0|0|0|0|0|0|0|0|0|0|0|0|0| |0|1|0|0|0|0|04011010|2|1000|0|0| |0|0|1|0|0| |LI|1000|0|0|0|0|0|0000| | |P005|C005|
0|89|03|006|109938501|1|C|
0|89|03|006|109938501|2|GL|
0|89|03|006|109938501|3|397|
0|89|03|006|109938501|4| |
0|89|03|006|109938501|5| |
0|89|03|006|109938501|6| |
0|89|03|006|109938508|1|C|
0|89|03|006|109938508|2|GL|
0|89|03|006|109938508|3|397|
0|89|03|006|109938508|4| |
0|89|03|006|109938508|5| |
0|89|03|006|109938508|6| |
0|89|03|006|109938510|1|C|
0|89|03|006|109938510|2|GL|
0|89|03|006|109938510|3|397|
0|89|03|006|109938510|4| |
0|89|03|006|109938500|1|C|
0|89|03|006|109938500|2|GL|
0|89|03|006|109938500|3|397|
0|89|03|006|109938500|4| |
0|89|03|006|109938500|5| |
0|89|03|006|109938500|6| |
0|11|006|109938501|0|0|        |        |        |0|        |T3| | |0|0|0|0|0|0|0|0|0|0|0|0|0|1|0|0000|
0|11|006|109938508|0|0|        |        |        |0|        |T3| | |0|0|0|0|0|0|0|0|0|0|0|0|0|1|0|0000|
0|11|006|109938510|0|0|        |        |        |0|        |T3| | |0|0|0|0|0|0|0|0|0|0|0|0|0|1|0|0000|
0|11|006|109938500|0|0|        |        |        |0|        |T3| | |0|0|0|0|0|0|0|0|0|0|0|0|3000|1|0|0000|
0|12|006|109938501|60600|18052016|161536|1|0|0|0|0|0|0|
0|12|006|109938508|5500|18052016|161536|1|0|0|0|0|0|0|
||||||||||||||
0|12|006|109938500|5500|18052016|161536|1|0|0|0|0|0|0|
0|12|006|109938500|5050|18052016|161536|2|0|0|0|0|0|0|
0|01|17896010401094|109938501|
0|01|30089785|109938508|
0|01|30991644|109938510|
0|01|7896010401097|109938500|
0|01|120100490164|109938500|
0|16|006|109938501|2| |1|
0|16|006|109938508|1| |1|
0|16|006|109938510|1| |1|
0|16|006|109938500|1| |1|
0|19|109938500|109938501|006|
0|19|109938500|109938508|006|
0|19|109938500|109938510|006|
