0|80|1|0000|0|ALICMS 0.00|F| |1| |
0|80|5|1650|0|PIS 1.65|P066| |0|01|
0|80|6|7600|0|COFINS 7.60|C066| |0|01|
0|80|1|0000|0|ALICMS 0.00|I| |1| |
0|80|5|0000|0|PIS 0.00|P005| |0|06|
0|80|6|0000|0|COFINS 0.00|C005| |0|06|
0|81|CX|Caixa|0|
0|81|UN|Unidade|0|
0|81|FD|Fardo|0|
0|10|113079101|113079100|0|0|0|CATCHUP QUERO 400 CX|CATCHUP QUERO PICANTE FP 400G CX|CATCHUP QUERO PICANTE FP 400G CX| | |0|CX|2| |119702002| |0|0| | | |0|0|0|1|0|0|0|0|0|0|0|0|0|0|0|0|0|0|0|0|0|0|0| |0|0|0|0|0|0|21032010|0|24000|0|0| |0|0|1|0|0| |KG|0400|0|0|0|0|0|0000| | |P066|C066|
0|10|113079100| |0|0|0|CATCHUP QUERO 400 UN|CATCHUP QUERO PICANTE FP 400G UN|CATCHUP QUERO PICANTE FP 400G UN| | |0|UN|2| |119702002| |0|0| | | |0|0|0|1|0|0|0|0|0|0|0|0|0|0|0|0|0|0|0|0|0|0|0| |0|1|0|0|0|0|21032010|0|1000|0|0| |0|0|1|0|0| |KG|0400|0|0|0|0|0|0000| | |P066|C066|
0|10|148306307|148306300|0|0|0| FD|CAFE PILAO INTENSO ALMOFADA 500G FD|CAFE PILAO INTENSO ALMOFADA 500G FD| | |0|FD|2| |489701002| |0|0| | | |0|0|0|1|0|0|0|0|0|0|0|0|0|0|0|0|0|0|0|0|0|0|0| |0|0|0|0|0|0|09012100|2|10000|0|0| |0|0|1|0|0| |KG|0500|0|0|0|0|0|0000| | |P005|C005|
0|10|148306300|142606000|0|0|0|CAFE PILAO INTENSO UN|CAFE PILAO INTENSO ALMOFADA 500G UN|CAFE PILAO INTENSO ALMOFADA 500G UN| | |0|UN|2| |489701002| |0|0| | | |0|0|0|1|0|0|0|0|0|0|0|0|0|0|0|0|0|0|0|0|0|0|0| |0|1|0|0|0|0|09012100|2|1000|0|0| |0|0|1|0|0| |KG|0500|0|0|0|0|0|0000| | |P005|C005|
0|89|03|726|113079101|1|C|
0|89|03|726|113079101|2|Y1|
0|89|03|726|113079101|3|12|
0|89|03|726|113079101|4| |
0|89|03|726|113079101|5| |
0|89|03|726|113079101|6| |
0|89|03|726|113079100|1|C|
0|89|03|726|113079100|2|Y1|
0|89|03|726|113079100|3|12|
0|89|03|726|113079100|4| |
0|89|03|726|113079100|5| |
0|89|03|726|113079100|6| |
0|89|03|726|148306307|1|B|
0|89|03|726|148306307|2|Y1|
0|89|03|726|148306307|3|14|
0|89|03|726|148306307|4| |
0|89|03|726|148306307|5| |
0|89|03|726|148306307|6| |
0|89|03|726|148306300|1|B|
0|89|03|726|148306300|2|Y1|
0|89|03|726|148306300|3|14|
0|89|03|726|148306300|4| |
0|89|03|726|148306300|5| |
0|89|03|726|148306300|6| |
0|11|726|113079101|0|0|        |        |        |0|        |F| | |0|0|0|0|0|0|0|0|0|0|0|0|0|1|0|31450|
0|11|726|113079100|0|0|        |        |        |0|        |F| | |0|0|0|0|0|0|0|0|0|0|0|0|3000|1|0|31450|
0|11|726|148306307|0|0|        |        |        |0|        |I| | |0|0|0|0|0|0|0|0|0|0|0|0|0|1|0|0000|
0|11|726|148306300|0|0|        |        |        |0|        |I| | |0|0|0|0|0|0|0|0|0|0|0|0|4000|1|0|0000|
0|12|726|113079101|83760|02082016|171609|1|0|0|0|0|0|0|
0|12|726|113079100|3890|02082016|171609|1|0|0|0|0|0|0|
0|12|726|113079100|3490|02082016|171609|2|0|0|0|0|0|0|
0|12|726|148306307|85500|02082016|171609|1|0|0|0|0|0|0|
0|12|726|148306300|9200|02082016|171609|1|0|0|0|0|0|0|
0|12|726|148306300|8550|02082016|171609|2|0|0|0|0|0|0|
0|01|57896102502775|113079101|
0|01|7896102502770|113079100|
0|01|30820654|148306307|
0|01|7896089012927|148306300|
0|16|726|113079101|2| |1|
0|16|726|113079100|1| |1|
0|16|726|148306307|2| |1|
0|16|726|148306300|1| |1|
0|19|113079100|113079101|726|
0|19|148306300|148306307|726|
