0|80|1|0000|0|ALICMS 0.00|F| |1| |
0|80|5|1650|0|PIS 1.65|P066| |0|01|
0|80|6|7600|0|COFINS 7.60|C066| |0|01|
0|80|1|0000|0|ALICMS 0.00|I| |1| |
0|80|5|0000|0|PIS 0.00|P005| |0|06|
0|80|6|0000|0|COFINS 0.00|C005| |0|06|
0|81|CX|Caixa|0|
0|81|UN|Unidade|0|
0|81|CXM|Caixa Master|0|
0|81|FD|Fardo|0|
0|10|113005201|113005200|0|0|0|CATCHUP QUERO CX|CATCHUP QUERO TRADICIONAL FD 400G CX|CATCHUP QUERO TRADICIONAL FD 400G CX| | |0|CX|2| |119702003| |0|0| | | |0|0|0|1|0|0|0|0|0|0|0|0|0|0|0|0|0|0|0|0|0|0|0| |0|0|0|0|0|0|21032010|0|24000|0|0| |0|0|1|0|0| |KG|0400|0|0|0|0|0|0000| | |P066|C066|
0|10|113005200|113079100|0|0|0|CATCHUP QUERO UN|CATCHUP QUERO TRADICIONAL FD 400G UN|CATCHUP QUERO TRADICIONAL FD 400G UN| | |0|UN|2| |119702003| |0|0| | | |0|0|0|1|0|0|0|0|0|0|0|0|0|0|0|0|0|0|0|0|0|0|0| |0|1|0|0|0|0|21032010|0|1000|0|0| |0|0|1|0|0| |KG|0400|0|0|0|0|0|0000| | |P066|C066|
0|10|113079101|113079100|0|0|0|CATCHUP QUERO 400 CX|CATCHUP QUERO PICANTE FP 400G CX|CATCHUP QUERO PICANTE FP 400G CX| | |0|CX|2| |119702002| |0|0| | | |0|0|0|1|0|0|0|0|0|0|0|0|0|0|0|0|0|0|0|0|0|0|0| |0|0|0|0|0|0|21032010|0|24000|0|0| |0|0|1|0|0| |KG|0400|0|0|0|0|0|0000| | |P066|C066|
0|10|113079100| |0|0|0|CATCHUP QUERO 400 UN|CATCHUP QUERO PICANTE FP 400G UN|CATCHUP QUERO PICANTE FP 400G UN| | |0|UN|2| |119702002| |0|0| | | |0|0|0|1|0|0|0|0|0|0|0|0|0|0|0|0|0|0|0|0|0|0|0| |0|1|0|0|0|0|21032010|0|1000|0|0| |0|0|1|0|0| |KG|0400|0|0|0|0|0|0000| | |P066|C066|
0|10|122871701|122871700|0|0|0|CAFE CX|CAFE PILAO PURO AVACUO 500G CX|CAFE PILAO PURO AVACUO 500G CX| | |0|CX|2| |489703002| |0|0| | | |0|0|0|1|0|0|0|0|0|0|0|0|0|0|0|0|0|0|0|0|0|0|0| |0|0|0|0|0|0|09012100|2|12000|0|0| |0|0|1|0|0| |KG|0500|0|0|0|0|0|0000| | |P005|C005|
0|10|122871706|122871700|0|0|0|CAFE CXM|CAFE PILAO PURO AVACUO 500G CXM|CAFE PILAO PURO AVACUO 500G CXM| | |0|CXM|2| |489703002| |0|0| | | |0|0|0|1|0|0|0|0|0|0|0|0|0|0|0|0|0|0|0|0|0|0|0| |0|0|0|0|0|0|09012100|2|20000|0|0| |0|0|1|0|0| |KG|0500|0|0|0|0|0|0000| | |P005|C005|
0|10|122871700|142606000|0|0|0|CAFE PILAO VP 500G UN|CAFE PILAO PURO AVACUO 500G UN|CAFE PILAO PURO AVACUO 500G UN| | |0|UN|2| |489703002| |0|0| | | |0|0|0|1|0|0|0|0|0|0|0|0|0|0|0|0|0|0|0|0|0|0|0| |0|1|0|0|0|0|09012100|2|1000|0|0| |0|0|1|0|0| |KG|0500|0|0|0|0|0|0000| | |P005|C005|
0|10|142606006|142606000|0|0|0|CAF PILAO STAND CXM|CAFE PILAO ALMOFADA 500G CXM|CAFE PILAO ALMOFADA 500G CXM| | |0|CXM|2| |489701002| |0|0| | | |0|0|0|1|0|0|0|0|0|0|0|0|0|0|0|0|0|0|0|0|0|0|0| |0|0|0|0|0|0|09012100|2|10000|0|0| |0|0|1|0|0| |KG|0500|0|0|0|0|0|0000| | |P005|C005|
0|10|142606000| |0|0|0|CAF PILAO STAND UN|CAFE PILAO ALMOFADA 500G UN|CAFE PILAO ALMOFADA 500G UN| | |0|UN|2| |489701002| |0|0| | | |0|0|0|1|0|0|0|0|0|0|0|0|0|0|0|0|0|0|0|0|0|0|0| |0|1|0|0|0|0|09012100|2|1000|0|0| |0|0|1|0|0| |KG|0500|0|0|0|0|0|0000| | |P005|C005|
0|10|148306201|148306200|0|0|0| CX|CAFE PILAO INTENSO VACUO 500G CX|CAFE PILAO INTENSO VACUO 500G CX| | |0|CX|2| |489703002| |0|0| | | |0|0|0|1|0|0|0|0|0|0|0|0|0|0|0|0|0|0|0|0|0|0|0| |0|0|0|0|0|0|09012100|2|20000|0|0| |0|0|1|0|0| |KG|0500|0|0|0|0|0|0000| | |P005|C005|
0|10|148306200|142606000|0|0|0|CAFE PILAO INTENSO UN|CAFE PILAO INTENSO VACUO 500G UN|CAFE PILAO INTENSO VACUO 500G UN| | |0|UN|2| |489703002| |0|0| | | |0|0|0|1|0|0|0|0|0|0|0|0|0|0|0|0|0|0|0|0|0|0|0| |0|1|0|0|0|0|09012100|2|1000|0|0| |0|0|1|0|0| |KG|0500|0|0|0|0|0|0000| | |P005|C005|
0|10|148306307|148306300|0|0|0| FD|CAFE PILAO INTENSO ALMOFADA 500G FD|CAFE PILAO INTENSO ALMOFADA 500G FD| | |0|FD|2| |489701002| |0|0| | | |0|0|0|1|0|0|0|0|0|0|0|0|0|0|0|0|0|0|0|0|0|0|0| |0|0|0|0|0|0|09012100|2|10000|0|0| |0|0|1|0|0| |KG|0500|0|0|0|0|0|0000| | |P005|C005|
0|10|148306300|142606000|0|0|0|CAFE PILAO INTENSO UN|CAFE PILAO INTENSO ALMOFADA 500G UN|CAFE PILAO INTENSO ALMOFADA 500G UN| | |0|UN|2| |489701002| |0|0| | | |0|0|0|1|0|0|0|0|0|0|0|0|0|0|0|0|0|0|0|0|0|0|0| |0|1|0|0|0|0|09012100|2|1000|0|0| |0|0|1|0|0| |KG|0500|0|0|0|0|0|0000| | |P005|C005|
0|10|160615301|160615300|0|0|0| CX|CAFE PILAO EXTRA FORTE ALMOF 500G CX|CAFE PILAO EXTRA FORTE ALMOF 500G CX| | |0|CX|2| |489701002| |0|0| | | |0|0|0|1|0|0|0|0|0|0|0|0|0|0|0|0|0|0|0|0|0|0|0| |0|0|0|0|0|0|09012100|2|10000|0|0| |0|0|1|0|0| |KG|0500|0|0|0|0|0|0000| | |P005|C005|
0|10|160615300|142606000|0|0|0|PILAO EXFOR A 500G UN|CAFE PILAO EXTRA FORTE ALMOF 500G UN|CAFE PILAO EXTRA FORTE ALMOF 500G UN| | |0|UN|2| |489701002| |0|0| | | |0|0|0|1|0|0|0|0|0|0|0|0|0|0|0|0|0|0|0|0|0|0|0| |0|1|0|0|0|0|09012100|2|1000|0|0| |0|0|1|0|0| |KG|0500|0|0|0|0|0|0000| | |P005|C005|
0|10|160615401|160615400|0|0|0| CX|CAFE PILAO EXTRA FORTE VACUO 500G CX|CAFE PILAO EXTRA FORTE VACUO 500G CX| | |0|CX|2| |489703002| |0|0| | | |0|0|0|1|0|0|0|0|0|0|0|0|0|0|0|0|0|0|0|0|0|0|0| |0|0|0|0|0|0|09012100|2|20000|0|0| |0|0|1|0|0| |KG|0500|0|0|0|0|0|0000| | |P005|C005|
0|10|160615400|142606000|0|0|0|PILAO EXFOR V 500G UN|CAFE PILAO EXTRA FORTE VACUO 500G UN|CAFE PILAO EXTRA FORTE VACUO 500G UN| | |0|UN|2| |489703002| |0|0| | | |0|0|0|1|0|0|0|0|0|0|0|0|0|0|0|0|0|0|0|0|0|0|0| |0|1|0|0|0|0|09012100|2|1000|0|0| |0|0|1|0|0| |KG|0500|0|0|0|0|0|0000| | |P005|C005|
0|10|163960501|163960500|0|0|0|BISC STA EDW 100G CX|BISC SANTA EDWIGES CHOC PAT PATATA 100G CX|BISC SANTA EDWIGES CHOC PAT PATATA 100G CX| | |0|CX|2| |109907001| |0|0| | | |0|0|0|1|0|0|0|0|0|0|0|0|0|0|0|0|0|0|0|0|0|0|0| |0|0|0|0|0|0|19053100|0|40000|0|0| |0|0|1|0|0| |KG|0100|0|0|0|0|0|0000| | |P066|C066|
0|10|163960500|163960800|0|0|0|BISC STA EDW 100G UN|BISC SANTA EDWIGES CHOC PAT PATATA 100G UN|BISC SANTA EDWIGES CHOC PAT PATATA 100G UN| | |0|UN|2| |109907001| |0|0| | | |0|0|0|1|0|0|0|0|0|0|0|0|0|0|0|0|0|0|0|0|0|0|0| |0|1|0|0|0|0|19053100|0|1000|0|0| |0|0|1|0|0| |KG|0100|0|0|0|0|0|0000| | |P066|C066|
0|10|163960701|163960700|0|0|0|BISC STA EDW 100G CX|BISC SANTA EDWIGES LT BARBIE 100G CX|BISC SANTA EDWIGES LT BARBIE 100G CX| | |0|CX|2| |109907002| |0|0| | | |0|0|0|1|0|0|0|0|0|0|0|0|0|0|0|0|0|0|0|0|0|0|0| |0|0|0|0|0|0|19053100|0|40000|0|0| |0|0|1|0|0| |KG|0100|0|0|0|0|0|0000| | |P066|C066|
0|10|163960700|163960800|0|0|0|BISC STA EDW 100G UN|BISC SANTA EDWIGES LT BARBIE 100G UN|BISC SANTA EDWIGES LT BARBIE 100G UN| | |0|UN|2| |109907002| |0|0| | | |0|0|0|1|0|0|0|0|0|0|0|0|0|0|0|0|0|0|0|0|0|0|0| |0|1|0|0|0|0|19053100|0|1000|0|0| |0|0|1|0|0| |KG|0100|0|0|0|0|0|0000| | |P066|C066|
0|10|163960801|163960800|0|0|0|BISC STA EDW 100G CX|BISC SANTA EDWIGES CHOC MONS HIGT 100G CX|BISC SANTA EDWIGES CHOC MONS HIGT 100G CX| | |0|CX|2| |109907001| |0|0| | | |0|0|0|1|0|0|0|0|0|0|0|0|0|0|0|0|0|0|0|0|0|0|0| |0|0|0|0|0|0|19053100|0|40000|0|0| |0|0|1|0|0| |KG|0100|0|0|0|0|0|0000| | |P066|C066|
0|10|163960800| |0|0|0|BISC STA EDW 100G UN|BISC SANTA EDWIGES CHOC MONS HIGT 100G UN|BISC SANTA EDWIGES CHOC MONS HIGT 100G UN| | |0|UN|2| |109907001| |0|0| | | |0|0|0|1|0|0|0|0|0|0|0|0|0|0|0|0|0|0|0|0|0|0|0| |0|1|0|0|0|0|19053100|0|1000|0|0| |0|0|1|0|0| |KG|0100|0|0|0|0|0|0000| | |P066|C066|
0|10|113641400101|113641400100|0|0|0|BISC PIRAQUE SALG CX|BISC PIRAQUE SALG 100G, QUEIJO CX|BISC PIRAQUE SALG 100G, QUEIJO CX| | |0|CX|2| |109904011| |0|0| | | |0|0|0|1|0|0|0|0|0|0|0|0|0|0|0|0|0|0|0|0|0|0|0| |0|0|0|0|0|0|19059020|0|20000|0|0| |0|0|1|0|0| |KG|0100|0|0|0|0|0|0000| | |P066|C066|
0|10|113641400106|113641400100|0|0|0|BISC PIRAQUE SALG CXM|BISC PIRAQUE SALG 100G, QUEIJO CXM|BISC PIRAQUE SALG 100G, QUEIJO CXM| | |0|CXM|2| |109904011| |0|0| | | |0|0|0|1|0|0|0|0|0|0|0|0|0|0|0|0|0|0|0|0|0|0|0| |0|0|0|0|0|0|19059020|0|40000|0|0| |0|0|1|0|0| |KG|0100|0|0|0|0|0|0000| | |P066|C066|
0|10|113641400100| |0|0|0|BISC PIRAQUE SALG UN|BISC PIRAQUE SALG 100G, QUEIJO UN|BISC PIRAQUE SALG 100G, QUEIJO UN| | |0|UN|2| |109904011| |0|0| | | |0|0|0|1|0|0|0|0|0|0|0|0|0|0|0|0|0|0|0|0|0|0|0| |0|1|0|0|0|0|19059020|0|1000|0|0| |0|0|1|0|0| |KG|0100|0|0|0|0|0|0000| | |P066|C066|
0|10|113641400201|113641400200|0|0|0|BISC PIRAQUE SALG CX|BISC PIRAQUE SALG 100G, PRESUNTO CX|BISC PIRAQUE SALG 100G, PRESUNTO CX| | |0|CX|2| |109904011| |0|0| | | |0|0|0|1|0|0|0|0|0|0|0|0|0|0|0|0|0|0|0|0|0|0|0| |0|0|0|0|0|0|19059020|0|20000|0|0| |0|0|1|0|0| |KG|0100|0|0|0|0|0|0000| | |P066|C066|
0|10|113641400206|113641400200|0|0|0|BISC PIRAQUE SALG CXM|BISC PIRAQUE SALG 100G, PRESUNTO CXM|BISC PIRAQUE SALG 100G, PRESUNTO CXM| | |0|CXM|2| |109904011| |0|0| | | |0|0|0|1|0|0|0|0|0|0|0|0|0|0|0|0|0|0|0|0|0|0|0| |0|0|0|0|0|0|19059020|0|40000|0|0| |0|0|1|0|0| |KG|0100|0|0|0|0|0|0000| | |P066|C066|
0|10|113641400200| |0|0|0|BISC PIRAQUE SALG UN|BISC PIRAQUE SALG 100G, PRESUNTO UN|BISC PIRAQUE SALG 100G, PRESUNTO UN| | |0|UN|2| |109904011| |0|0| | | |0|0|0|1|0|0|0|0|0|0|0|0|0|0|0|0|0|0|0|0|0|0|0| |0|1|0|0|0|0|19059020|0|1000|0|0| |0|0|1|0|0| |KG|0100|0|0|0|0|0|0000| | |P066|C066|
0|10|113641400301|113641400300|0|0|0|BISC PIRAQUE SALG CX|BISC PIRAQUE SALG 100G, REPETISCO CX|BISC PIRAQUE SALG 100G, REPETISCO CX| | |0|CX|2| |109904011| |0|0| | | |0|0|0|1|0|0|0|0|0|0|0|0|0|0|0|0|0|0|0|0|0|0|0| |0|0|0|0|0|0|19059020|0|20000|0|0| |0|0|1|0|0| |KG|0100|0|0|0|0|0|0000| | |P066|C066|
0|10|113641400306|113641400300|0|0|0|BISC PIRAQUE SALG CXM|BISC PIRAQUE SALG 100G, REPETISCO CXM|BISC PIRAQUE SALG 100G, REPETISCO CXM| | |0|CXM|2| |109904011| |0|0| | | |0|0|0|1|0|0|0|0|0|0|0|0|0|0|0|0|0|0|0|0|0|0|0| |0|0|0|0|0|0|19059020|0|40000|0|0| |0|0|1|0|0| |KG|0100|0|0|0|0|0|0000| | |P066|C066|
0|10|113641400300| |0|0|0|BISC PIRAQUE SALG UN|BISC PIRAQUE SALG 100G, REPETISCO UN|BISC PIRAQUE SALG 100G, REPETISCO UN| | |0|UN|2| |109904011| |0|0| | | |0|0|0|1|0|0|0|0|0|0|0|0|0|0|0|0|0|0|0|0|0|0|0| |0|1|0|0|0|0|19059020|0|1000|0|0| |0|0|1|0|0| |KG|0100|0|0|0|0|0|0000| | |P066|C066|
0|10|113641400401|113641400400|0|0|0|BISC PIRAQUE SALG CX|BISC PIRAQUE SALG 100G, GERGELIM CX|BISC PIRAQUE SALG 100G, GERGELIM CX| | |0|CX|2| |109904011| |0|0| | | |0|0|0|1|0|0|0|0|0|0|0|0|0|0|0|0|0|0|0|0|0|0|0| |0|0|0|0|0|0|19059020|0|20000|0|0| |0|0|1|0|0| |KG|0100|0|0|0|0|0|0000| | |P066|C066|
0|10|113641400406|113641400400|0|0|0|BISC PIRAQUE SALG CXM|BISC PIRAQUE SALG 100G, GERGELIM CXM|BISC PIRAQUE SALG 100G, GERGELIM CXM| | |0|CXM|2| |109904011| |0|0| | | |0|0|0|1|0|0|0|0|0|0|0|0|0|0|0|0|0|0|0|0|0|0|0| |0|0|0|0|0|0|19059020|0|40000|0|0| |0|0|1|0|0| |KG|0100|0|0|0|0|0|0000| | |P066|C066|
0|10|113641400400| |0|0|0|BISC PIRAQUE SALG UN|BISC PIRAQUE SALG 100G, GERGELIM UN|BISC PIRAQUE SALG 100G, GERGELIM UN| | |0|UN|2| |109904011| |0|0| | | |0|0|0|1|0|0|0|0|0|0|0|0|0|0|0|0|0|0|0|0|0|0|0| |0|1|0|0|0|0|19059020|0|1000|0|0| |0|0|1|0|0| |KG|0100|0|0|0|0|0|0000| | |P066|C066|
0|10|113641400501|113641400500|0|0|0|BISC PIRAQUE SALG CX|BISC PIRAQUE SALG 100G, TRAD CX|BISC PIRAQUE SALG 100G, TRAD CX| | |0|CX|2| |109904011| |0|0| | | |0|0|0|1|0|0|0|0|0|0|0|0|0|0|0|0|0|0|0|0|0|0|0| |0|0|0|0|0|0|19059020|0|20000|0|0| |0|0|1|0|0| |KG|0100|0|0|0|0|0|0000| | |P066|C066|
0|10|113641400506|113641400500|0|0|0|BISC PIRAQUE SALG CXM|BISC PIRAQUE SALG 100G, TRAD CXM|BISC PIRAQUE SALG 100G, TRAD CXM| | |0|CXM|2| |109904011| |0|0| | | |0|0|0|1|0|0|0|0|0|0|0|0|0|0|0|0|0|0|0|0|0|0|0| |0|0|0|0|0|0|19059020|0|40000|0|0| |0|0|1|0|0| |KG|0100|0|0|0|0|0|0000| | |P066|C066|
0|10|113641400500| |0|0|0|BISC PIRAQUE SALG UN|BISC PIRAQUE SALG 100G, TRAD UN|BISC PIRAQUE SALG 100G, TRAD UN| | |0|UN|2| |109904011| |0|0| | | |0|0|0|1|0|0|0|0|0|0|0|0|0|0|0|0|0|0|0|0|0|0|0| |0|1|0|0|0|0|19059020|0|1000|0|0| |0|0|1|0|0| |KG|0100|0|0|0|0|0|0000| | |P066|C066|
0|10|145099900201|145099900200|0|0|0|BISC TRAK RCH CHOC CX|BISC TRAKINAS RECH 143G, CHOCOLATE CX|BISC TRAKINAS RECH 143G, CHOCOLATE CX| | |0|CX|2| |109903005| |0|0| | | |0|0|0|1|0|0|0|0|0|0|0|0|0|0|0|0|0|0|0|0|0|0|0| |0|0|0|0|0|0|19053100|0|54000|0|0| |0|0|1|0|0| |KG|0143|0|0|0|0|0|0000| | |P066|C066|
0|10|145099900200| |0|0|0|BISC TRAK RCH CHOC UN|BISC TRAKINAS RECH 143G, CHOCOLATE UN|BISC TRAKINAS RECH 143G, CHOCOLATE UN| | |0|UN|2| |109903005| |0|0| | | |0|0|0|1|0|0|0|0|0|0|0|0|0|0|0|0|0|0|0|0|0|0|0| |0|1|0|0|0|0|19053100|0|1000|0|0| |0|0|1|0|0| |KG|0143|0|0|0|0|0|0000| | |P066|C066|
0|10|145099900301|145099900300|0|0|0|PR BISC TRAK 143G CX|BISC TRAKINAS RECH 143G, MORANGO CX|BISC TRAKINAS RECH 143G, MORANGO CX| | |0|CX|2| |109903005| |0|0| | | |0|0|0|1|0|0|0|0|0|0|0|0|0|0|0|0|0|0|0|0|0|0|0| |0|0|0|0|0|0|19053100|0|54000|0|0| |0|0|1|0|0| |KG|0143|0|0|0|0|0|0000| | |P066|C066|
0|10|145099900300| |0|0|0|BISC RECH TR,MOR UN|BISC TRAKINAS RECH 143G, MORANGO UN|BISC TRAKINAS RECH 143G, MORANGO UN| | |0|UN|2| |109903005| |0|0| | | |0|0|0|1|0|0|0|0|0|0|0|0|0|0|0|0|0|0|0|0|0|0|0| |0|1|0|0|0|0|19053100|0|1000|0|0| |0|0|1|0|0| |KG|0143|0|0|0|0|0|0000| | |P066|C066|
0|10|145100000101|145100000100|0|0|0|BISC TRAK MAIS MOR CX|BISC TRAKINAS RECH MAIS 143G, MORANGO CX|BISC TRAKINAS RECH MAIS 143G, MORANGO CX| | |0|CX|2| |109903012| |0|0| | | |0|0|0|1|0|0|0|0|0|0|0|0|0|0|0|0|0|0|0|0|0|0|0| |0|0|0|0|0|0|19053100|0|54000|0|0| |0|0|1|0|0| |KG|0143|0|0|0|0|0|0000| | |P066|C066|
0|10|145100000100| |0|0|0|BISC TRAK MAIS MOR UN|BISC TRAKINAS RECH MAIS 143G, MORANGO UN|BISC TRAKINAS RECH MAIS 143G, MORANGO UN| | |0|UN|2| |109903012| |0|0| | | |0|0|0|1|0|0|0|0|0|0|0|0|0|0|0|0|0|0|0|0|0|0|0| |0|1|0|0|0|0|19053100|0|1000|0|0| |0|0|1|0|0| |KG|0143|0|0|0|0|0|0000| | |P066|C066|
0|10|145100100101|145100100100|0|0|0|B,CHOCOLATE BRANCO CX|BISC TRAKINAS RECH M/M 14, CHOCE MORANGO CX|BISC TRAKINAS RECH M/M 14, CHOCE MORANGO CX| | |0|CX|2| |109903002| |0|0| | | |0|0|0|1|0|0|0|0|0|0|0|0|0|0|0|0|0|0|0|0|0|0|0| |0|0|0|0|0|0|19053100|0|54000|0|0| |0|0|1|0|0| |KG|0143|0|0|0|0|0|0000| | |P066|C066|
0|10|145100100100| |0|0|0|B,CHOCOLATE BRANCO UN|BISC TRAKINAS RECH M/M 14, CHOCE MORANGO UN|BISC TRAKINAS RECH M/M 14, CHOCE MORANGO UN| | |0|UN|2| |109903002| |0|0| | | |0|0|0|1|0|0|0|0|0|0|0|0|0|0|0|0|0|0|0|0|0|0|0| |0|1|0|0|0|0|19053100|0|1000|0|0| |0|0|1|0|0| |KG|0143|0|0|0|0|0|0000| | |P066|C066|
0|89|03|705|113005201|1|C|
0|89|03|705|113005201|2|Y1|
0|89|03|705|113005201|3|12|
0|89|03|705|113005201|4| |
0|89|03|705|113005201|5| |
0|89|03|705|113005201|6| |
0|89|03|705|113005200|1|C|
0|89|03|705|113005200|2|Y1|
0|89|03|705|113005200|3|12|
0|89|03|705|113005200|4| |
0|89|03|705|113005200|5| |
0|89|03|705|113005200|6| |
0|89|03|705|113079101|1|C|
0|89|03|705|113079101|2|Y1|
0|89|03|705|113079101|3|12|
0|89|03|705|113079101|4| |
0|89|03|705|113079101|5| |
0|89|03|705|113079101|6| |
0|89|03|705|113079100|1|C|
0|89|03|705|113079100|2|Y1|
0|89|03|705|113079100|3|12|
0|89|03|705|113079100|4| |
0|89|03|705|113079100|5| |
0|89|03|705|113079100|6| |
0|89|03|705|122871701|1|B|
0|89|03|705|122871701|2|Y1|
0|89|03|705|122871701|3|24|
0|89|03|705|122871701|4| |
0|89|03|705|122871701|5| |
0|89|03|705|122871701|6| |
0|89|03|705|122871706|1|B|
0|89|03|705|122871706|2|Y1|
0|89|03|705|122871706|3|24|
0|89|03|705|122871706|4| |
0|89|03|705|122871706|5| |
0|89|03|705|122871706|6| |
0|89|03|705|122871700|1|B|
0|89|03|705|122871700|2|Y1|
0|89|03|705|122871700|3|24|
0|89|03|705|122871700|4| |
0|89|03|705|122871700|5| |
0|89|03|705|122871700|6| |
0|89|03|705|142606006|1|A|
0|89|03|705|142606006|2|Y1|
0|89|03|705|142606006|3|66|
0|89|03|705|142606006|4| |
0|89|03|705|142606006|5| |
0|89|03|705|142606006|6| |
0|89|03|705|142606000|1|A|
0|89|03|705|142606000|2|Y1|
0|89|03|705|142606000|3|66|
0|89|03|705|142606000|4| |
0|89|03|705|142606000|5| |
0|89|03|705|142606000|6| |
0|89|03|705|148306201|1|B|
0|89|03|705|148306201|2|Y1|
0|89|03|705|148306201|3|16|
0|89|03|705|148306201|4| |
0|89|03|705|148306201|5| |
0|89|03|705|148306201|6| |
0|89|03|705|148306200|1|B|
0|89|03|705|148306200|2|Y1|
0|89|03|705|148306200|3|16|
0|89|03|705|148306200|4| |
0|89|03|705|148306200|5| |
0|89|03|705|148306200|6| |
0|89|03|705|148306307|1|B|
0|89|03|705|148306307|2|Y1|
0|89|03|705|148306307|3|10|
0|89|03|705|148306307|4| |
0|89|03|705|148306307|5| |
0|89|03|705|148306307|6| |
0|89|03|705|148306300|1|B|
0|89|03|705|148306300|2|Y1|
0|89|03|705|148306300|3|10|
0|89|03|705|148306300|4| |
0|89|03|705|148306300|5| |
0|89|03|705|148306300|6| |
0|89|03|705|160615301|1|B|
0|89|03|705|160615301|2|Y1|
0|89|03|705|160615301|3|33|
0|89|03|705|160615301|4| |
0|89|03|705|160615301|5| |
0|89|03|705|160615301|6| |
0|89|03|705|160615300|1|B|
0|89|03|705|160615300|2|Y1|
0|89|03|705|160615300|3|33|
0|89|03|705|160615300|4| |
0|89|03|705|160615300|5| |
0|89|03|705|160615300|6| |
0|89|03|705|160615401|1|B|
0|89|03|705|160615401|2|Y1|
0|89|03|705|160615401|3|22|
0|89|03|705|160615401|4| |
0|89|03|705|160615401|5| |
0|89|03|705|160615401|6| |
0|89|03|705|160615400|1|B|
0|89|03|705|160615400|2|Y1|
0|89|03|705|160615400|3|22|
0|89|03|705|160615400|4| |
0|89|03|705|160615400|5| |
0|89|03|705|160615400|6| |
0|89|03|705|163960501|1|C|
0|89|03|705|163960501|2|ND|
0|89|03|705|163960501|3|6|
0|89|03|705|163960501|4|05|
0|89|03|705|163960501|5| |
0|89|03|705|163960501|6| |
0|89|03|705|163960500|1|C|
0|89|03|705|163960500|2|ND|
0|89|03|705|163960500|3|6|
0|89|03|705|163960500|4|05|
0|89|03|705|163960500|5| |
0|89|03|705|163960500|6| |
0|89|03|705|163960701|1|C|
0|89|03|705|163960701|2|ND|
0|89|03|705|163960701|3|6|
0|89|03|705|163960701|4|05|
0|89|03|705|163960701|5| |
0|89|03|705|163960701|6| |
0|89|03|705|163960700|1|C|
0|89|03|705|163960700|2|ND|
0|89|03|705|163960700|3|6|
0|89|03|705|163960700|4|05|
0|89|03|705|163960700|5| |
0|89|03|705|163960700|6| |
0|89|03|705|163960801|1|C|
0|89|03|705|163960801|2|ND|
0|89|03|705|163960801|3|6|
0|89|03|705|163960801|4|05|
0|89|03|705|163960801|5| |
0|89|03|705|163960801|6| |
0|89|03|705|163960800|1|C|
0|89|03|705|163960800|2|ND|
0|89|03|705|163960800|3|6|
0|89|03|705|163960800|4|05|
0|89|03|705|163960800|5| |
0|89|03|705|163960800|6| |
0|89|03|705|113641400101|1|A|
0|89|03|705|113641400101|2|YL|
0|89|03|705|113641400101|3|187|
0|89|03|705|113641400101|4| |
0|89|03|705|113641400101|5| |
0|89|03|705|113641400101|6| |
0|89|03|705|113641400106|1|A|
0|89|03|705|113641400106|2|YL|
0|89|03|705|113641400106|3|187|
0|89|03|705|113641400106|4| |
0|89|03|705|113641400106|5| |
0|89|03|705|113641400106|6| |
0|89|03|705|113641400100|1|A|
0|89|03|705|113641400100|2|YL|
0|89|03|705|113641400100|3|187|
0|89|03|705|113641400100|4| |
0|89|03|705|113641400100|5| |
0|89|03|705|113641400100|6| |
0|89|03|705|113641400201|1|A|
0|89|03|705|113641400201|2|YL|
0|89|03|705|113641400201|3|253|
0|89|03|705|113641400201|4| |
0|89|03|705|113641400201|5| |
0|89|03|705|113641400201|6| |
0|89|03|705|113641400206|1|A|
0|89|03|705|113641400206|2|YL|
0|89|03|705|113641400206|3|253|
0|89|03|705|113641400206|4| |
0|89|03|705|113641400206|5| |
0|89|03|705|113641400206|6| |
0|89|03|705|113641400200|1|A|
0|89|03|705|113641400200|2|YL|
0|89|03|705|113641400200|3|253|
0|89|03|705|113641400200|4| |
0|89|03|705|113641400200|5| |
0|89|03|705|113641400200|6| |
0|89|03|705|113641400301|1|C|
0|89|03|705|113641400301|2|YL|
0|89|03|705|113641400301|3|153|
0|89|03|705|113641400301|4| |
0|89|03|705|113641400301|5| |
0|89|03|705|113641400301|6| |
0|89|03|705|113641400306|1|C|
0|89|03|705|113641400306|2|YL|
0|89|03|705|113641400306|3|153|
0|89|03|705|113641400306|4| |
0|89|03|705|113641400306|5| |
0|89|03|705|113641400306|6| |
0|89|03|705|113641400300|1|C|
0|89|03|705|113641400300|2|YL|
0|89|03|705|113641400300|3|153|
0|89|03|705|113641400300|4| |
0|89|03|705|113641400300|5| |
0|89|03|705|113641400300|6| |
0|89|03|705|113641400401|1|B|
0|89|03|705|113641400401|2|YL|
0|89|03|705|113641400401|3|348|
0|89|03|705|113641400401|4| |
0|89|03|705|113641400401|5| |
0|89|03|705|113641400401|6| |
0|89|03|705|113641400406|1|B|
0|89|03|705|113641400406|2|YL|
0|89|03|705|113641400406|3|348|
0|89|03|705|113641400406|4| |
0|89|03|705|113641400406|5| |
0|89|03|705|113641400406|6| |
0|89|03|705|113641400400|1|B|
0|89|03|705|113641400400|2|YL|
0|89|03|705|113641400400|3|348|
0|89|03|705|113641400400|4| |
0|89|03|705|113641400400|5| |
0|89|03|705|113641400400|6| |
0|89|03|705|113641400501|1|B|
0|89|03|705|113641400501|2|YL|
0|89|03|705|113641400501|3|107|
0|89|03|705|113641400501|4| |
0|89|03|705|113641400501|5| |
0|89|03|705|113641400501|6| |
0|89|03|705|113641400506|1|B|
0|89|03|705|113641400506|2|YL|
0|89|03|705|113641400506|3|107|
0|89|03|705|113641400506|4| |
0|89|03|705|113641400506|5| |
0|89|03|705|113641400506|6| |
0|89|03|705|113641400500|1|B|
0|89|03|705|113641400500|2|YL|
0|89|03|705|113641400500|3|107|
0|89|03|705|113641400500|4| |
0|89|03|705|113641400500|5| |
0|89|03|705|113641400500|6| |
0|89|03|705|145099900201|1|A|
0|89|03|705|145099900201|2|Y1|
0|89|03|705|145099900201|3|233|
0|89|03|705|145099900201|4| |
0|89|03|705|145099900201|5| |
0|89|03|705|145099900201|6| |
0|89|03|705|145099900200|1|A|
0|89|03|705|145099900200|2|Y1|
0|89|03|705|145099900200|3|233|
0|89|03|705|145099900200|4| |
0|89|03|705|145099900200|5| |
0|89|03|705|145099900200|6| |
0|89|03|705|145099900301|1|A|
0|89|03|705|145099900301|2|Y1|
0|89|03|705|145099900301|3|174|
0|89|03|705|145099900301|4| |
0|89|03|705|145099900301|5| |
0|89|03|705|145099900301|6| |
0|89|03|705|145099900300|1|A|
0|89|03|705|145099900300|2|Y1|
0|89|03|705|145099900300|3|174|
0|89|03|705|145099900300|4| |
0|89|03|705|145099900300|5| |
0|89|03|705|145099900300|6| |
0|89|03|705|145100000101|1|A|
0|89|03|705|145100000101|2|Y1|
0|89|03|705|145100000101|3|256|
0|89|03|705|145100000101|4| |
0|89|03|705|145100000101|5| |
0|89|03|705|145100000101|6| |
0|89|03|705|145100000100|1|A|
0|89|03|705|145100000100|2|Y1|
0|89|03|705|145100000100|3|256|
0|89|03|705|145100000100|4| |
0|89|03|705|145100000100|5| |
0|89|03|705|145100000100|6| |
0|89|03|705|145100100101|1|B|
0|89|03|705|145100100101|2|Y1|
0|89|03|705|145100100101|3|64|
0|89|03|705|145100100101|4| |
0|89|03|705|145100100101|5| |
0|89|03|705|145100100101|6| |
0|89|03|705|145100100100|1|B|
0|89|03|705|145100100100|2|Y1|
0|89|03|705|145100100100|3|64|
0|89|03|705|145100100100|4| |
0|89|03|705|145100100100|5| |
0|89|03|705|145100100100|6| |
0|11|705|113005201|0|0|        |        |        |0|        |F| | |0|0|0|0|0|0|0|0|0|0|0|0|0|1|0|31450|
0|11|705|113005200|0|0|        |        |        |0|        |F| | |0|0|0|0|0|0|0|0|0|0|0|0|3000|1|0|31450|
0|11|705|113079101|0|0|        |        |        |0|        |F| | |0|0|0|0|0|0|0|0|0|0|0|0|0|1|0|31450|
0|11|705|113079100|0|0|        |        |        |0|        |F| | |0|0|0|0|0|0|0|0|0|0|0|0|3000|1|0|31450|
0|11|705|122871701|0|0|        |        |        |0|        |I| | |0|0|0|0|0|0|0|0|0|0|0|0|0|1|0|0000|
0|11|705|122871706|0|0|        |        |        |0|        |I| | |0|0|0|0|0|0|0|0|0|0|0|0|0|1|0|0000|
0|11|705|122871700|0|0|        |        |        |0|        |I| | |0|0|0|0|0|0|0|0|0|0|0|0|4000|1|0|0000|
0|11|705|142606006|0|0|        |        |        |0|        |I| | |0|0|0|0|0|0|0|0|0|0|0|0|0|1|0|0000|
0|11|705|142606000|0|0|        |        |        |0|        |I| | |0|0|0|0|0|0|0|0|0|0|0|0|4000|1|0|0000|
0|11|705|148306201|0|0|        |        |        |0|        |I| | |0|0|0|0|0|0|0|0|0|0|0|0|0|1|0|0000|
0|11|705|148306200|0|0|        |        |        |0|        |I| | |0|0|0|0|0|0|0|0|0|0|0|0|4000|1|0|0000|
0|11|705|148306307|0|0|        |        |        |0|        |I| | |0|0|0|0|0|0|0|0|0|0|0|0|0|1|0|0000|
0|11|705|148306300|0|0|        |        |        |0|        |I| | |0|0|0|0|0|0|0|0|0|0|0|0|4000|1|0|0000|
0|11|705|160615301|0|0|        |        |        |0|        |I| | |0|0|0|0|0|0|0|0|0|0|0|0|0|1|0|0000|
0|11|705|160615300|0|0|        |        |        |0|        |I| | |0|0|0|0|0|0|0|0|0|0|0|0|4000|1|0|0000|
0|11|705|160615401|0|0|        |        |        |0|        |I| | |0|0|0|0|0|0|0|0|0|0|0|0|0|1|0|0000|
0|11|705|160615400|0|0|        |        |        |0|        |I| | |0|0|0|0|0|0|0|0|0|0|0|0|4000|1|0|0000|
0|11|705|163960501|0|0|        |        |        |0|        |F| | |0|0|0|0|0|0|0|0|0|0|0|0|0|1|0|31450|
0|11|705|163960500|0|0|        |        |        |0|        |F| | |0|0|0|0|0|0|0|0|0|0|0|0|4000|1|0|31450|
0|11|705|163960701|0|0|        |        |        |0|        |F| | |0|0|0|0|0|0|0|0|0|0|0|0|0|1|0|31450|
0|11|705|163960700|0|0|        |        |        |0|        |F| | |0|0|0|0|0|0|0|0|0|0|0|0|4000|1|0|31450|
0|11|705|163960801|0|0|        |        |        |0|        |F| | |0|0|0|0|0|0|0|0|0|0|0|0|0|1|0|31450|
0|11|705|163960800|0|0|        |        |        |0|        |F| | |0|0|0|0|0|0|0|0|0|0|0|0|4000|1|0|31450|
0|11|705|113641400101|0|0|        |        |        |0|        |F| | |0|0|0|0|0|0|0|0|0|0|0|0|0|1|0|27450|
0|11|705|113641400106|0|0|        |        |        |0|        |F| | |0|0|0|0|0|0|0|0|0|0|0|0|0|1|0|27450|
0|11|705|113641400100|0|0|        |        |        |0|        |F| | |0|0|0|0|0|0|0|0|0|0|0|0|0|1|0|27450|
0|11|705|113641400201|0|0|        |        |        |0|        |F| | |0|0|0|0|0|0|0|0|0|0|0|0|0|1|0|27450|
0|11|705|113641400206|0|0|        |        |        |0|        |F| | |0|0|0|0|0|0|0|0|0|0|0|0|0|1|0|27450|
0|11|705|113641400200|0|0|        |        |        |0|        |F| | |0|0|0|0|0|0|0|0|0|0|0|0|0|1|0|27450|
0|11|705|113641400301|0|0|        |        |        |0|        |F| | |0|0|0|0|0|0|0|0|0|0|0|0|0|1|0|27450|
0|11|705|113641400306|0|0|        |        |        |0|        |F| | |0|0|0|0|0|0|0|0|0|0|0|0|0|1|0|27450|
0|11|705|113641400300|0|0|        |        |        |0|        |F| | |0|0|0|0|0|0|0|0|0|0|0|0|0|1|0|27450|
0|11|705|113641400401|0|0|        |        |        |0|        |F| | |0|0|0|0|0|0|0|0|0|0|0|0|0|1|0|27450|
0|11|705|113641400406|0|0|        |        |        |0|        |F| | |0|0|0|0|0|0|0|0|0|0|0|0|0|1|0|27450|
0|11|705|113641400400|0|0|        |        |        |0|        |F| | |0|0|0|0|0|0|0|0|0|0|0|0|0|1|0|27450|
0|11|705|113641400501|0|0|        |        |        |0|        |F| | |0|0|0|0|0|0|0|0|0|0|0|0|0|1|0|27450|
0|11|705|113641400506|0|0|        |        |        |0|        |F| | |0|0|0|0|0|0|0|0|0|0|0|0|0|1|0|27450|
0|11|705|113641400500|0|0|        |        |        |0|        |F| | |0|0|0|0|0|0|0|0|0|0|0|0|0|1|0|27450|
0|11|705|145099900201|0|0|        |        |        |0|        |F| | |0|0|0|0|0|0|0|0|0|0|0|0|0|1|0|31450|
0|11|705|145099900200|0|0|        |        |        |0|        |F| | |0|0|0|0|0|0|0|0|0|0|0|0|0|1|0|31450|
0|11|705|145099900301|0|0|        |        |        |0|        |F| | |0|0|0|0|0|0|0|0|0|0|0|0|0|1|0|31450|
0|11|705|145099900300|0|0|        |        |        |0|        |F| | |0|0|0|0|0|0|0|0|0|0|0|0|0|1|0|31450|
0|11|705|145100000101|0|0|        |        |        |0|        |F| | |0|0|0|0|0|0|0|0|0|0|0|0|0|1|0|31450|
0|11|705|145100000100|0|0|        |        |        |0|        |F| | |0|0|0|0|0|0|0|0|0|0|0|0|0|1|0|31450|
0|11|705|145100100101|0|0|        |        |        |0|        |F| | |0|0|0|0|0|0|0|0|0|0|0|0|0|1|0|31450|
0|11|705|145100100100|0|0|        |        |        |0|        |F| | |0|0|0|0|0|0|0|0|0|0|0|0|0|1|0|31450|
0|12|705|113005201|83760|02082016|163325|1|0|0|0|0|0|0|
0|12|705|113005200|3890|02082016|163325|1|0|0|0|0|0|0|
0|12|705|113005200|3490|02082016|163325|2|0|0|0|0|0|0|
0|12|705|113079101|83760|02082016|163325|1|0|0|0|0|0|0|
0|12|705|113079100|3890|02082016|163325|1|0|0|0|0|0|0|
0|12|705|113079100|3490|02082016|163325|2|0|0|0|0|0|0|
0|12|705|122871701|102600|02082016|163325|1|0|0|0|0|0|0|
0|12|705|122871706|171000|02082016|163325|1|0|0|0|0|0|0|
0|12|705|122871700|9200|02082016|163325|1|0|0|0|0|0|0|
0|12|705|122871700|8550|02082016|163325|2|0|0|0|0|0|0|
0|12|705|142606006|84500|02082016|163325|1|0|0|0|0|0|0|
0|12|705|142606000|9200|02082016|163325|1|0|0|0|0|0|0|
0|12|705|142606000|8450|02082016|163325|2|0|0|0|0|0|0|
0|12|705|148306201|165800|02082016|163325|1|0|0|0|0|0|0|
0|12|705|148306200|9200|02082016|163325|1|0|0|0|0|0|0|
0|12|705|148306200|8290|02082016|163325|2|0|0|0|0|0|0|
0|12|705|148306307|85500|02082016|163325|1|0|0|0|0|0|0|
0|12|705|148306300|9200|02082016|163325|1|0|0|0|0|0|0|
0|12|705|148306300|8550|02082016|163325|2|0|0|0|0|0|0|
0|12|705|160615301|85500|02082016|163325|1|0|0|0|0|0|0|
0|12|705|160615300|9200|02082016|163325|1|0|0|0|0|0|0|
0|12|705|160615300|8550|02082016|163325|2|0|0|0|0|0|0|
0|12|705|160615401|165800|02082016|163325|1|0|0|0|0|0|0|
0|12|705|160615400|9200|02082016|163325|1|0|0|0|0|0|0|
0|12|705|160615400|8290|02082016|163325|2|0|0|0|0|0|0|
0|12|705|163960501|426000|02082016|163325|1|0|0|0|0|0|0|
0|12|705|163960500|11890|02082016|163325|1|0|0|0|0|0|0|
0|12|705|163960500|10650|02082016|163325|2|0|0|0|0|0|0|
0|12|705|163960701|426000|02082016|163325|1|0|0|0|0|0|0|
0|12|705|163960700|11890|02082016|163325|1|0|0|0|0|0|0|
0|12|705|163960700|10650|02082016|163325|2|0|0|0|0|0|0|
0|12|705|163960801|426000|02082016|163325|1|0|0|0|0|0|0|
0|12|705|163960800|11890|02082016|163325|1|0|0|0|0|0|0|
0|12|705|163960800|10650|02082016|163325|2|0|0|0|0|0|0|
0|12|705|113641400101|53800|02082016|163325|1|0|0|0|0|0|0|
0|12|705|113641400106|107600|02082016|163325|1|0|0|0|0|0|0|
0|12|705|113641400100|2890|02082016|163325|1|0|0|0|0|0|0|
0|12|705|113641400201|53800|02082016|163325|1|0|0|0|0|0|0|
0|12|705|113641400206|107600|02082016|163325|1|0|0|0|0|0|0|
0|12|705|113641400200|2890|02082016|163325|1|0|0|0|0|0|0|
0|12|705|113641400301|53800|02082016|163325|1|0|0|0|0|0|0|
0|12|705|113641400306|107600|02082016|163325|1|0|0|0|0|0|0|
0|12|705|113641400300|2890|02082016|163325|1|0|0|0|0|0|0|
0|12|705|113641400401|53800|02082016|163325|1|0|0|0|0|0|0|
0|12|705|113641400406|107600|02082016|163325|1|0|0|0|0|0|0|
0|12|705|113641400400|2890|02082016|163325|1|0|0|0|0|0|0|
0|12|705|113641400501|53800|02082016|163325|1|0|0|0|0|0|0|
0|12|705|113641400506|107600|02082016|163325|1|0|0|0|0|0|0|
0|12|705|113641400500|2890|02082016|163325|1|0|0|0|0|0|0|
0|12|705|145099900201|83700|02082016|163325|1|0|0|0|0|0|0|
0|12|705|145099900200|1750|02082016|163325|1|0|0|0|0|0|0|
0|12|705|145099900301|83700|02082016|163325|1|0|0|0|0|0|0|
0|12|705|145099900300|1750|02082016|163325|1|0|0|0|0|0|0|
0|12|705|145100000101|94500|02082016|163325|1|0|0|0|0|0|0|
0|12|705|145100000100|1950|02082016|163325|1|0|0|0|0|0|0|
0|12|705|145100100101|83700|02082016|163325|1|0|0|0|0|0|0|
0|12|705|145100100100|1750|02082016|163325|1|0|0|0|0|0|0|
0|01|57896102502751|113005201|
0|01|7896102502756|113005200|
0|01|57896102502775|113079101|
0|01|7896102502770|113079100|
0|01|31154420|122871701|
0|01|31154437|122871706|
0|01|7896089011357|122871700|
0|01|7891910012626|122871700|
0|01|30739178|142606006|
0|01|7896089012019|142606000|
0|01|7891910012879|142606000|
0|01|7896089012712|142606000|
0|01|30820647|148306201|
0|01|7896089012880|148306200|
0|01|30820654|148306307|
0|01|7896089012927|148306300|
0|01|17896089013396|160615301|
0|01|7896089013399|160615300|
0|01|17896089013402|160615401|
0|01|7896089013405|160615400|
0|01|17896064204443|163960501|
0|01|7896064204446|163960500|
0|01|17896064204313|163960701|
0|01|7896064204316|163960700|
0|01|17896064204368|163960801|
0|01|7896064204361|163960800|
0|01|30079670|113641400101|
0|01|7896024702029|113641400106|
0|01|7896024720207|113641400100|
0|01|7896024702036|113641400201|
0|01|30079687|113641400201|
0|01|30744738|113641400206|
0|01|7896024720382|113641400200|
0|01|7896024702074|113641400301|
0|01|30080430|113641400306|
0|01|7896024720702|113641400300|
0|01|7896024702081|113641400401|
0|01|30080447|113641400406|
0|01|7896024720894|113641400400|
0|01|7896024702012|113641400501|
0|01|30753020|113641400506|
0|01|7896024720115|113641400500|
0|01|17622300740990|145099900201|
0|01|7622300741013|145099900200|
0|01|17622300741058|145099900301|
0|01|7622300741044|145099900300|
0|01|17622300741157|145100000101|
0|01|7622300741174|145100000100|
0|01|17622300741201|145100100101|
0|01|7622300741235|145100100100|
0|16|705|113005201|2| |1|
0|16|705|113005200|1| |1|
0|16|705|113079101|2| |1|
0|16|705|113079100|1| |1|
0|16|705|122871701|2| |1|
0|16|705|122871706|2| |1|
0|16|705|122871700|1| |1|
0|16|705|142606006|2| |1|
0|16|705|142606000|1| |1|
0|16|705|148306201|2| |1|
0|16|705|148306200|1| |1|
0|16|705|148306307|2| |1|
0|16|705|148306300|1| |1|
0|16|705|160615301|2| |1|
0|16|705|160615300|1| |1|
0|16|705|160615401|2| |1|
0|16|705|160615400|1| |1|
0|16|705|163960501|2| |1|
0|16|705|163960500|1| |1|
0|16|705|163960701|2| |1|
0|16|705|163960700|1| |1|
0|16|705|163960801|2| |1|
0|16|705|163960800|1| |1|
0|16|705|113641400101|2| |1|
0|16|705|113641400106|2| |1|
0|16|705|113641400100|1| |1|
0|16|705|113641400201|2| |1|
0|16|705|113641400206|2| |1|
0|16|705|113641400200|1| |1|
0|16|705|113641400301|2| |1|
0|16|705|113641400306|2| |1|
0|16|705|113641400300|1| |1|
0|16|705|113641400401|2| |1|
0|16|705|113641400406|2| |1|
0|16|705|113641400400|1| |1|
0|16|705|113641400501|2| |1|
0|16|705|113641400506|2| |1|
0|16|705|113641400500|1| |1|
0|16|705|145099900201|2| |1|
0|16|705|145099900200|1| |1|
0|16|705|145099900301|2| |1|
0|16|705|145099900300|1| |1|
0|16|705|145100000101|2| |1|
0|16|705|145100000100|1| |1|
0|16|705|145100100101|2| |1|
0|16|705|145100100100|1| |1|
0|19|113005200|113005201|705|
0|19|113079100|113079101|705|
0|19|122871700|122871701|705|
0|19|122871700|122871706|705|
0|19|142606000|142606006|705|
0|19|148306200|148306201|705|
0|19|148306300|148306307|705|
0|19|160615300|160615301|705|
0|19|160615400|160615401|705|
0|19|163960500|163960501|705|
0|19|163960700|163960701|705|
0|19|163960800|163960801|705|
0|19|113641400100|113641400101|705|
0|19|113641400100|113641400106|705|
0|19|113641400200|113641400201|705|
0|19|113641400200|113641400206|705|
0|19|113641400300|113641400301|705|
0|19|113641400300|113641400306|705|
0|19|113641400400|113641400401|705|
0|19|113641400400|113641400406|705|
0|19|113641400500|113641400501|705|
0|19|113641400500|113641400506|705|
0|19|145099900200|145099900201|705|
0|19|145099900300|145099900301|705|
0|19|145100000100|145100000101|705|
0|19|145100100100|145100100101|705|
